tempo 200000
note 0 1 2 127 64
note 1 2 2 126 64
note 2 3 2 125 64
note 3 4 2 124 64
note 4 5 2 123 64
note 5 6 2 122 64
note 6 7 2 121 64
note 7 8 2 120 64
note 8 9 2 119 64
note 9 10 2 118 64
note 10 11 2 117 64
note 11 12 2 116 64
note 12 13 2 115 64
note 13 14 2 114 64
note 14 15 2 113 64
note 15 16 2 112 64
note 16 17 2 111 64
note 17 18 2 110 64
note 18 19 2 109 64
note 19 20 2 108 64
note 20 21 2 107 64
note 21 22 2 106 64
note 22 23 2 105 64
note 23 24 2 104 64
note 24 25 2 103 64
note 25 26 2 102 64
note 26 27 2 101 64
note 27 28 2 100 64
note 28 29 2 99 64
note 29 30 2 98 64
note 30 31 2 97 64
note 31 32 2 96 64
note 32 33 2 95 64
note 33 34 2 94 64
note 34 35 2 93 64
note 35 36 2 92 64
note 36 37 2 91 64
note 37 38 2 90 64
note 38 39 2 89 64
note 39 40 2 88 64
note 40 41 2 87 64
note 41 42 2 86 64
note 42 43 2 85 64
note 43 44 2 84 64
note 44 45 2 83 64
note 45 46 2 82 64
note 46 47 2 81 64
note 47 48 2 80 64
note 48 49 2 79 64
note 49 50 2 78 64
note 50 51 2 77 64
note 51 52 2 76 64
note 52 53 2 75 64
note 53 54 2 74 64
note 54 55 2 73 64
note 55 56 2 72 64
note 56 57 2 71 64
note 57 58 2 70 64
note 58 59 2 69 64
note 59 60 2 68 64
note 60 61 2 67 64
note 61 62 2 66 64
note 62 63 2 65 64
note 63 64 2 64 64
note 64 65 2 63 64
note 65 66 2 62 64
note 66 67 2 61 64
note 67 68 2 60 64
note 68 69 2 59 64
note 69 70 2 58 64
note 70 71 2 57 64
note 71 72 2 56 64
note 72 73 2 55 64
note 73 74 2 54 64
note 74 75 2 53 64
note 75 76 2 52 64
note 76 77 2 51 64
note 77 78 2 50 64
note 78 79 2 49 64
note 79 80 2 48 64
note 80 81 2 47 64
note 81 82 2 46 64
note 82 83 2 45 64
note 83 84 2 44 64
note 84 85 2 43 64
note 85 86 2 42 64
note 86 87 2 41 64
note 87 88 2 40 64
note 88 89 2 39 64
note 89 90 2 38 64
note 90 91 2 37 64
note 91 92 2 36 64
note 92 93 2 35 64
note 93 94 2 34 64
note 94 95 2 33 64
note 95 96 2 32 64
note 96 97 2 31 64
note 97 98 2 30 64
note 98 99 2 29 64
note 99 100 2 28 64
note 100 101 2 27 64
note 101 102 2 26 64
note 102 103 2 25 64
note 103 104 2 24 64
note 104 105 2 23 64
note 105 106 2 22 64
note 106 107 2 21 64
note 107 108 2 20 64
note 108 109 2 19 64
note 109 110 2 18 64
note 110 111 2 17 64
note 111 112 2 16 64
note 112 113 2 15 64
note 113 114 2 14 64
note 114 115 2 13 64
note 115 116 2 12 64
note 116 117 2 11 64
note 117 118 2 10 64
note 118 119 2 9 64
note 119 120 2 8 64
note 120 121 2 7 64
note 121 122 2 6 64
note 122 123 2 5 64
note 123 124 2 4 64
note 124 125 2 3 64
note 125 126 2 2 64
note 126 127 2 1 64
note 127 128 2 0 64
note 128 129 2 44 64
