tempo 200000
note 0 7 1 55 70
note 1 3 1 59 84
note 2 4 1 62 72
note 4 6 1 55 84
note 4 6 1 60 71
note 5 7 1 51 84
note 6 8 1 62 79
note 8 15 1 55 79
note 8 10 1 64 85
note 9 11 1 44 84
note 9 11 1 48 84
note 9 11 1 47 84
note 9 11 1 49 84
note 10 12 1 64 78
note 10 12 1 45 84
note 10 12 1 48 84
note 10 12 1 45 84
note 10 12 1 47 84
note 10 12 1 46 84
note 11 13 1 49 84
note 11 13 1 50 84
note 12 15 1 64 74
note 16 24 1 55 77
note 16 18 1 62 75
note 17 19 1 49 84
note 18 20 1 48 84
note 18 20 1 50 84
note 18 20 1 62 77
note 19 21 1 49 84
note 20 22 1 50 84
note 20 22 1 48 84
note 20 24 1 62 75
note 21 23 1 49 84
note 22 24 1 50 84
note 22 24 1 48 84
note 23 25 1 49 84
note 24 26 1 55 79
note 24 26 1 48 84
note 24 26 1 64 82
note 26 28 1 67 84
note 28 32 1 67 75
note 32 40 1 55 78
note 32 34 1 64 73
note 34 36 1 62 69
note 36 38 1 78 72
note 36 38 1 60 71
note 37 39 1 79 72
note 38 40 1 80 72
note 38 40 1 62 80
note 39 41 1 81 72
note 40 48 1 55 79
note 40 42 1 82 72
note 40 42 1 64 84
note 41 43 1 83 72
note 42 44 1 64 76
note 42 44 1 84 72
note 43 45 1 85 72
note 44 46 1 64 74
note 44 46 1 86 72
note 46 48 1 64 77
note 48 56 1 55 78
note 48 50 1 62 75
note 50 52 1 62 74
note 52 54 1 64 81
note 54 56 1 62 70
note 56 64 1 52 72
note 56 64 1 60 73
